[[0,0,0,0,0,0,0,0,0,0,0,0,0,0,0,0,0,0,0,0,0,0,0,0,0,0,0,0],[0.0001528584530724549,0.0001528584530724549,0.09033934576582085,0.06160195658819933,0.022011617242433508,0.045704677468664016,0.0032100275145215532,0.01650871293182513,0.03546316111280954,0.03026597370834607,0.015438703760317946,0.04555181901559156,0.0576276368083155,0.020024457352491594,0.08514215836135738,0.05548761846530113,0.004738612045246102,0.059003362885967595,0.0001528584530724549,0.08422500764292265,0.18725160501375726,0.027208804646896973,0.009171507184347295,0.028278813818404157,0.0025985937022317334,0.0001528584530724549,0.008560073372057475,0.003974319779883827],[0.18818301909451182,0.00012009126936471719,0.018133781674072296,0.027861174492614386,0.003963011889035667,0.027500900684520234,0.0012009126936471718,0.008286297586165486,0.012609583283295304,0.026780353068331934,0.02221688483247268,0.03506665065449742,0.030503182418638166,0.06653056322805333,0.07926023778071334,0.1692085985348865,0.00024018253872943438,0.006364837276330011,0.0012009126936471718,0.11192506304791641,0.048757055362075176,0.046235138705416116,0.007325567431247748,0.019935150714543052,0.009126936471718507,0.0018013690404707578,0.017293142788519275,0.01236940074456587],[0.08023483365949119,0.0009784735812133072,0.25440313111545987,0.030332681017612523,0.0019569471624266144,0.004892367906066536,0.049902152641878667,0.0009784735812133072,0.0009784735812133072,0.23581213307240703,0.16536203522504891,0.00684931506849315,0.0009784735812133072,0.00684931506849315,0.0009784735812133072,0.005870841487279843,0.023483365949119372,0.0019569471624266144,0.0009784735812133072,0.03131115459882583,0.008806262230919765,0.0009784735812133072,0.06947162426614481,0.0009784735812133072,0.0029354207436399216,0.0009784735812133072,0.008806262230919765,0.0019569471624266144],[0.011940298507462687,0.0029850746268656717,0.026865671641791045,0.0029850746268656717,0.020895522388059702,0.0029850746268656717,0.01791044776119403,0.0029850746268656717,0.0029850746268656717,0.7850746268656716,0.005970149253731343,0.0029850746268656717,0.03880597014925373,0.0029850746268656717,0.0029850746268656717,0.0029850746268656717,0.011940298507462687,0.0029850746268656717,0.0029850746268656717,0.0029850746268656717,0.0029850746268656717,0.008955223880597015,0.005970149253731343,0.0029850746268656717,0.0029850746268656717,0.0029850746268656717,0.014925373134328358,0.0029850746268656717],[0.1297043010752688,0.0006720430107526882,0.15524193548387097,0.0020161290322580645,0.0006720430107526882,0.05040322580645161,0.21169354838709678,0.0006720430107526882,0.0013440860215053765,0.14180107526881722,0.1364247311827957,0.0006720430107526882,0.003360215053763441,0.0020161290322580645,0.004032258064516129,0.006720430107526882,0.014112903225806451,0.0020161290322580645,0.0006720430107526882,0.06989247311827956,0.003360215053763441,0.0020161290322580645,0.0456989247311828,0.003360215053763441,0.003360215053763441,0.0006720430107526882,0.006720430107526882,0.0006720430107526882],[0.04259175351155415,0.00045310376076121433,0.002718622564567286,0.008608971454463071,0.001359311282283643,0.016311735387403714,0.22927050294517445,0.0031717263253285004,0.008608971454463071,0.027639329406434075,0.0022655188038060714,0.007702763932940644,0.02174898051653829,0.03262347077480743,0.038060715903942,0.145899410965111,0.001359311282283643,0.02809243316719529,0.00045310376076121433,0.1400090620752152,0.10919800634345266,0.0792931581332125,0.0009062075215224287,0.03307657453556864,0.0040779338468509285,0.00045310376076121433,0.010874490258269144,0.0031717263253285004],[0.11604095563139932,0.0034129692832764505,0.36860068259385664,0.0034129692832764505,0.0034129692832764505,0.0034129692832764505,0.040955631399317405,0.020477815699658702,0.0034129692832764505,0.013651877133105802,0.13651877133105803,0.010238907849829351,0.0034129692832764505,0.006825938566552901,0.0034129692832764505,0.0034129692832764505,0.05460750853242321,0.0034129692832764505,0.0034129692832764505,0.05460750853242321,0.04778156996587031,0.027303754266211604,0.04436860068259386,0.0034129692832764505,0.0034129692832764505,0.0034129692832764505,0.0034129692832764505,0.010238907849829351],[0.033271719038817,0.0018484288354898336,0.2365988909426987,0.0036968576709796672,0.0018484288354898336,0.025878003696857672,0.07024029574861368,0.0018484288354898336,0.0073937153419593345,0.09057301293900184,0.09796672828096119,0.0073937153419593345,0.0036968576709796672,0.012939001848428836,0.009242144177449169,0.011090573012939002,0.07763401109057301,0.0073937153419593345,0.0018484288354898336,0.029574861367837338,0.0036968576709796672,0.012939001848428836,0.1866913123844732,0.011090573012939002,0.018484288354898338,0.0018484288354898336,0.031423290203327174,0.0018484288354898336],[0.1360318513603185,0.00033178500331785003,0.38984737889847376,0.009621765096217651,0.0013271400132714001,0.003981420039814201,0.051758460517584606,0.0019907100199071004,0.00232249502322495,0.0112806901128069,0.13968148639681485,0.003981420039814201,0.004976775049767751,0.005972130059721301,0.01824817518248175,0.021897810218978103,0.035832780358327807,0.006967485069674851,0.0006635700066357001,0.029197080291970802,0.008626410086264101,0.00829462508294625,0.0696748506967485,0.006967485069674851,0.0165892501658925,0.00033178500331785003,0.011612475116124751,0.0019907100199071004],[0.2747285001467567,0.000293513354857646,0.011740534194305841,0.02083944819489287,0.00733783387144115,0.03492808922805988,0.004109186968007044,0.009098914000587027,0.0029351335485764602,0.004696213677722336,0.001174053419430584,0.01614323451717053,0.04343997651893161,0.055474024068095096,0.04901673026122689,0.14059289697681243,0.0008805400645729381,0.015262694452597593,0.0044027003228646906,0.08012914587613737,0.0842383328441444,0.07748752568241855,0.001174053419430584,0.012621074258878779,0.005283240387437629,0.000587026709715292,0.0369826827120634,0.0044027003228646906],[0.12729124236252545,0.0010183299389002036,0.3533604887983707,0.007128309572301426,0.0010183299389002036,0.006109979633401222,0.11507128309572301,0.0010183299389002036,0.002036659877800407,0.0274949083503055,0.12423625254582485,0.013238289205702648,0.01120162932790224,0.008146639511201629,0.017311608961303463,0.018329938900203666,0.038696537678207736,0.009164969450101833,0.0010183299389002036,0.017311608961303463,0.004073319755600814,0.002036659877800407,0.06822810590631365,0.007128309572301426,0.009164969450101833,0.0010183299389002036,0.007128309572301426,0.0010183299389002036],[0.07986960065199673,0.0008149959250203749,0.32599837000814996,0.004889975550122249,0.007334963325183374,0.0008149959250203749,0.06193969030154849,0.0008149959250203749,0.0008149959250203749,0.1393643031784841,0.10757946210268948,0.0016299918500407497,0.018744906275468622,0.007334963325183374,0.008149959250203748,0.0032599837000814994,0.022004889975550123,0.0016299918500407497,0.0008149959250203749,0.03504482477587612,0.04808475957620212,0.006519967400162999,0.09861450692746536,0.0016299918500407497,0.0008149959250203749,0.0016299918500407497,0.013039934800325998,0.0008149959250203749],[0.28113879003558717,0.0007117437722419929,0.27900355871886123,0.009252669039145907,0.0071174377224199285,0.0099644128113879,0.06263345195729537,0.007829181494661922,0.0014234875444839859,0.002135231316725979,0.12241992882562278,0.0099644128113879,0.015658362989323844,0.038434163701067614,0.012099644128113879,0.00498220640569395,0.02491103202846975,0.008540925266903915,0.0007117437722419929,0.00498220640569395,0.01708185053380783,0.011387900355871887,0.03202846975088968,0.008540925266903915,0.011387900355871887,0.0007117437722419929,0.014234875444839857,0.0007117437722419929],[0.17739483020780536,0.0005068423720223011,0.3218449062341612,0.017232640648758235,0.00506842372022301,0.01013684744044602,0.07805372529143437,0.0010136847440446021,0.0010136847440446021,0.0040547389761784085,0.10694374049670552,0.012671059300557527,0.008109477952356817,0.015205271160669031,0.012164216928535226,0.00963000506842372,0.055245818550430814,0.021287379624936646,0.0005068423720223011,0.025342118601115054,0.016725798276735936,0.00912316269640142,0.07197161682716675,0.010643689812468323,0.0030410542321338066,0.0005068423720223011,0.002534211860111505,0.0020273694880892043],[0.19987248963978324,0.000318775900541919,0.22824354478801404,0.0031877590054191903,0.010838380618425247,0.12846668791839336,0.036978004462862604,0.000956327701625757,0.023589416640102008,0.004462862607586867,0.10423971947720752,0.030921262352566144,0.030602486452024225,0.004144086707044948,0.005100414408670704,0.021357985336308574,0.021995537137392412,0.006056742110296462,0.000318775900541919,0.002550207204335352,0.027733503347146957,0.05036659228562321,0.03410902135798534,0.006056742110296462,0.007969397513547976,0.000318775900541919,0.008288173414089895,0.000956327701625757],[0.0916030534351145,0.0010905125408942203,0.0054525627044711015,0.03271537622682661,0.007633587786259542,0.03816793893129771,0.0010905125408942203,0.004362050163576881,0.021810250817884406,0.07633587786259542,0.008724100327153763,0.03162486368593239,0.03489640130861505,0.06761177753544166,0.06543075245365322,0.07197382769901854,0.1406761177753544,0.029443838604143947,0.0021810250817884407,0.07633587786259542,0.0697928026172301,0.05452562704471101,0.021810250817884406,0.009814612868047983,0.0054525627044711015,0.0010905125408942203,0.016357688113413305,0.011995637949836423],[0.06790123456790123,0.0012345679012345679,0.39382716049382716,0.0012345679012345679,0.0024691358024691358,0.0012345679012345679,0.05555555555555555,0.0012345679012345679,0.0012345679012345679,0.03950617283950617,0.05185185185185185,0.0012345679012345679,0.0024691358024691358,0.008641975308641974,0.0024691358024691358,0.013580246913580247,0.019753086419753086,0.012345679012345678,0.0012345679012345679,0.1925925925925926,0.009876543209876543,0.012345679012345678,0.08641975308641975,0.0024691358024691358,0.0012345679012345679,0.0012345679012345679,0.013580246913580247,0.0012345679012345679],[0.2222222222222222,0.018518518518518517,0.05555555555555555,0.037037037037037035,0.018518518518518517,0.018518518518518517,0.018518518518518517,0.018518518518518517,0.018518518518518517,0.037037037037037035,0.037037037037037035,0.018518518518518517,0.018518518518518517,0.018518518518518517,0.018518518518518517,0.018518518518518517,0.037037037037037035,0.018518518518518517,0.018518518518518517,0.07407407407407407,0.037037037037037035,0.018518518518518517,0.1111111111111111,0.018518518518518517,0.018518518518518517,0.018518518518518517,0.018518518518518517,0.018518518518518517],[0.19117158977763027,0.00033189512114171923,0.33654165283770326,0.011948224361101892,0.002655160969133754,0.01261201460338533,0.05974112180550946,0.0036508463325589115,0.007965482907401261,0.005974112180550946,0.13209425821440424,0.018254231662794558,0.010620643876535016,0.003318951211417192,0.026883504812479257,0.010620643876535016,0.02953866578161301,0.0086292731496847,0.00033189512114171923,0.002987056090275473,0.024228343843345504,0.017590441420511117,0.05376700962495851,0.014935280451377365,0.004978426817125788,0.00033189512114171923,0.0069697975439761035,0.001327580484566877],[0.020158387329013677,0.0003599712023038157,0.21670266378689704,0.003599712023038157,0.0014398848092152627,0.0003599712023038157,0.024478041756659467,0.0010799136069114472,0.0014398848092152627,0.4449244060475162,0.06731461483081354,0.0010799136069114472,0.005399568034557235,0.005759539236861051,0.015478761699064075,0.00755939524838013,0.03023758099352052,0.005399568034557235,0.0003599712023038157,0.011879049676025918,0.003959683225341973,0.01511879049676026,0.09359251259899208,0.003599712023038157,0.014398848092152628,0.0003599712023038157,0.003599712023038157,0.0003599712023038157],[0.20457604306864063,0.0006729475100942127,0.26244952893674295,0.0026917900403768506,0.0006729475100942127,0.0006729475100942127,0.04306864064602961,0.0006729475100942127,0.0006729475100942127,0.0693135935397039,0.1917900403768506,0.0013458950201884253,0.006056527590847914,0.007402422611036339,0.004037685060565276,0.010094212651413189,0.02489905787348587,0.0033647375504710633,0.0006729475100942127,0.04508748317631225,0.0026917900403768506,0.02220726783310902,0.051816958277254375,0.0033647375504710633,0.008748317631224764,0.0006729475100942127,0.029609690444145357,0.0006729475100942127],[0.16909620991253643,0.0005830903790087463,0.003498542274052478,0.03965014577259475,0.011661807580174927,0.09271137026239067,0.0011661807580174927,0.009329446064139942,0.011661807580174927,0.010495626822157435,0.003498542274052478,0.022157434402332362,0.052478134110787174,0.10787172011661808,0.07638483965014577,0.1043731778425656,0.0005830903790087463,0.02740524781341108,0.0011661807580174927,0.11428571428571428,0.10379008746355685,0.01574344023323615,0.001749271137026239,0.009912536443148687,0.003498542274052478,0.0011661807580174927,0.0005830903790087463,0.003498542274052478],[0.09186746987951808,0.0015060240963855422,0.20783132530120482,0.0030120481927710845,0.0030120481927710845,0.007530120481927711,0.1822289156626506,0.0030120481927710845,0.0030120481927710845,0.0030120481927710845,0.37650602409638556,0.007530120481927711,0.012048192771084338,0.010542168674698794,0.0030120481927710845,0.01957831325301205,0.0015060240963855422,0.004518072289156626,0.0015060240963855422,0.016566265060240965,0.0015060240963855422,0.010542168674698794,0.006024096385542169,0.006024096385542169,0.0015060240963855422,0.0015060240963855422,0.012048192771084338,0.0015060240963855422],[0.008902077151335312,0.002967359050445104,0.6884272997032641,0.002967359050445104,0.002967359050445104,0.008902077151335312,0.0830860534124629,0.002967359050445104,0.002967359050445104,0.005934718100890208,0.0771513353115727,0.005934718100890208,0.002967359050445104,0.008902077151335312,0.002967359050445104,0.017804154302670624,0.002967359050445104,0.002967359050445104,0.002967359050445104,0.02373887240356083,0.008902077151335312,0.008902077151335312,0.008902077151335312,0.002967359050445104,0.002967359050445104,0.002967359050445104,0.002967359050445104,0.002967359050445104],[0.044444444444444446,0.022222222222222223,0.06666666666666667,0.022222222222222223,0.022222222222222223,0.022222222222222223,0.022222222222222223,0.022222222222222223,0.022222222222222223,0.022222222222222223,0.1111111111111111,0.022222222222222223,0.022222222222222223,0.022222222222222223,0.2,0.044444444444444446,0.022222222222222223,0.022222222222222223,0.022222222222222223,0.022222222222222223,0.022222222222222223,0.022222222222222223,0.022222222222222223,0.022222222222222223,0.022222222222222223,0.022222222222222223,0.044444444444444446,0.022222222222222223],[0.19032258064516128,0.0016129032258064516,0.6064516129032258,0.0032258064516129032,0.0016129032258064516,0.00967741935483871,0.020967741935483872,0.0016129032258064516,0.0016129032258064516,0.0032258064516129032,0.01129032258064516,0.0032258064516129032,0.0032258064516129032,0.0032258064516129032,0.00967741935483871,0.014516129032258065,0.03225806451612903,0.004838709677419355,0.0016129032258064516,0.004838709677419355,0.012903225806451613,0.00967741935483871,0.037096774193548385,0.004838709677419355,0.0016129032258064516,0.0016129032258064516,0.0016129032258064516,0.0016129032258064516],[0.22330097087378642,0.0048543689320388345,0.23786407766990292,0.009708737864077669,0.0048543689320388345,0.0048543689320388345,0.02912621359223301,0.0048543689320388345,0.0048543689320388345,0.019417475728155338,0.2087378640776699,0.0048543689320388345,0.0048543689320388345,0.0048543689320388345,0.043689320388349516,0.014563106796116505,0.014563106796116505,0.0048543689320388345,0.0048543689320388345,0.03398058252427184,0.0048543689320388345,0.0048543689320388345,0.05339805825242718,0.009708737864077669,0.019417475728155338,0.0048543689320388345,0.014563106796116505,0.0048543689320388345]]